  4.1209218e+001
 -9.3633431e+001
 -4.4615403e+001
 -9.0765722e+001
 -8.0573644e+001
  6.4691566e+001
  3.8965725e+001
 -3.6580104e+001
  9.0044410e+001
 -9.3110784e+001
  4.2023181e+001
 -9.1496086e+001
 -4.1807533e+001
 -9.3375221e+001
 -8.4239970e+001
  6.9691302e+001
  3.4124815e+001
 -3.3890746e+001
  9.4343832e+001
 -9.3929799e+001
  4.2837144e+001
 -8.9358742e+001
 -3.8999663e+001
 -9.5984720e+001
 -8.7906296e+001
  7.4691037e+001
  2.9283906e+001
 -3.1201389e+001
  9.8643254e+001
 -9.4748813e+001
  4.3651107e+001
 -8.7221397e+001
 -3.6191793e+001
 -9.8594219e+001
 -9.1572623e+001
  7.9690773e+001
  2.4442997e+001
 -2.8512031e+001
  9.7057324e+001
 -9.5567828e+001
  4.4465070e+001
 -8.5084053e+001
 -3.3383924e+001
 -9.8796281e+001
 -9.5238949e+001
  8.4690509e+001
  1.9602088e+001
 -2.5822673e+001
  9.2757902e+001
 -9.6386843e+001
  4.5279033e+001
 -8.2946709e+001
 -3.0576054e+001
 -9.6186782e+001
 -9.8905275e+001
  8.9690245e+001
  1.4761179e+001
 -2.3133316e+001
  8.8458479e+001
 -9.7205857e+001
  4.6092996e+001
 -8.0809364e+001
 -2.7768184e+001
 -9.3577283e+001
 -9.7428399e+001
  9.4689981e+001
  9.9202698e+000
 -2.0443958e+001
  8.4159057e+001
 -9.8024872e+001
  4.6906960e+001
 -7.8672020e+001
 -2.4960314e+001
 -9.0967784e+001
 -9.3762072e+001
  9.9689717e+001
  5.0793607e+000
 -1.7754601e+001
  7.9859635e+001
 -9.8843887e+001
  4.7720923e+001
 -7.6534675e+001
 -2.2152444e+001
 -8.8358285e+001
 -9.0095746e+001
  9.5310547e+001
  2.3845153e-001
 -1.5065243e+001
  7.5560213e+001
 -9.9662901e+001
  4.8534886e+001
 -7.4397331e+001
 -1.9344574e+001
 -8.5748785e+001
 -8.6429420e+001
  9.0310812e+001
 -4.6024576e+000
 -1.2375885e+001
  7.1260791e+001
 -9.9518084e+001
  4.9348849e+001
 -7.2259986e+001
 -1.6536704e+001
 -8.3139286e+001
 -8.2763094e+001
  8.5311076e+001
 -9.4433667e+000
 -9.6865277e+000
  6.6961369e+001
 -9.8699069e+001
  5.0162812e+001
 -7.0122642e+001
 -1.3728834e+001
 -8.0529787e+001
 -7.9096767e+001
  8.0311340e+001
 -1.4284276e+001
 -6.9971701e+000
  6.2661946e+001
 -9.7880054e+001
  5.0976775e+001
 -6.7985297e+001
 -1.0920965e+001
 -7.7920288e+001
 -7.5430441e+001
  7.5311604e+001
 -1.9125185e+001
 -4.3078124e+000
  5.8362524e+001
 -9.7061040e+001
  5.1790738e+001
 -6.5847953e+001
 -8.1130947e+000
 -7.5310789e+001
 -7.1764115e+001
  7.0311868e+001
 -2.3966094e+001
 -1.6184548e+000
  5.4063102e+001
 -9.6242025e+001
  5.2604702e+001
 -6.3710609e+001
 -5.3052248e+000
 -7.2701290e+001
 -6.8097789e+001
  6.5312132e+001
 -2.8807003e+001
  1.0709028e+000
  4.9763680e+001
 -9.5423010e+001
  5.3418665e+001
 -6.1573264e+001
 -2.4973550e+000
 -7.0091790e+001
 -6.4431462e+001
  6.0312396e+001
 -3.3647912e+001
  3.7602604e+000
  4.5464258e+001
 -9.4603996e+001
  5.4232628e+001
 -5.9435920e+001
  3.1051491e-001
 -6.7482291e+001
 -6.0765136e+001
  5.5312661e+001
 -3.8488822e+001
  6.4496181e+000
  4.1164835e+001
 -9.3784981e+001
  5.5046591e+001
 -5.7298575e+001
  3.1183848e+000
 -6.4872792e+001
 -5.7098810e+001
  5.0312925e+001
 -4.3329731e+001
  9.1389757e+000
  3.6865413e+001
 -9.2965966e+001
  5.5860554e+001
 -5.5161231e+001
  5.9262547e+000
 -6.2263293e+001
 -5.3432484e+001
  4.5313189e+001
 -4.8170640e+001
  1.1828333e+001
  3.2565991e+001
 -9.2146952e+001
  5.6674517e+001
 -5.3023886e+001
  8.7341245e+000
 -5.9653794e+001
 -4.9766157e+001
  4.0313453e+001
 -5.3011549e+001
  1.4517691e+001
  2.8266569e+001
 -9.1327937e+001
  5.7488480e+001
 -5.0886542e+001
  1.1541994e+001
 -5.7044294e+001
 -4.6099831e+001
  3.5313717e+001
 -5.7852458e+001
  1.7207049e+001
  2.3967147e+001
 -9.0508922e+001
  5.8302444e+001
 -4.8749197e+001
  1.4349864e+001
 -5.4434795e+001
 -4.2433505e+001
  3.0313981e+001
 -6.2693367e+001
  1.9896406e+001
  1.9667725e+001
 -8.9689908e+001
  5.9116407e+001
 -4.6611853e+001
  1.7157734e+001
 -5.1825296e+001
 -3.8767179e+001
  2.5314245e+001
 -6.7534276e+001
  2.2585764e+001
  1.5368302e+001
 -8.8870893e+001
  5.9930370e+001
 -4.4474509e+001
  1.9965604e+001
 -4.9215797e+001
 -3.5100852e+001
  2.0314510e+001
 -7.2375185e+001
  2.5275121e+001
  1.1068880e+001
 -8.8051878e+001
  6.0744333e+001
 -4.2337164e+001
  2.2773474e+001
 -4.6606298e+001
 -3.1434526e+001
  1.5314774e+001
 -7.7216095e+001
  2.7964479e+001
  6.7694581e+000
 -8.7232864e+001
  6.1558296e+001
 -4.0199820e+001
  2.5581344e+001
 -4.3996798e+001
 -2.7768200e+001
  1.0315038e+001
 -8.2057004e+001
  3.0653837e+001
  2.4700360e+000
 -8.6413849e+001
  6.2372259e+001
 -3.8062475e+001
  2.8389214e+001
 -4.1387299e+001
 -2.4101874e+001
  5.3153020e+000
 -8.6897913e+001
  3.3343194e+001
 -1.8293862e+000
 -8.5594834e+001
  6.3186222e+001
 -3.5925131e+001
  3.1197083e+001
 -3.8777800e+001
 -2.0435547e+001
  3.1556613e-001
 -9.1738822e+001
  3.6032552e+001
 -6.1288084e+000
 -8.4775819e+001
  6.4000186e+001
 -3.3787786e+001
  3.4004953e+001
 -3.6168301e+001
 -1.6769221e+001
 -4.6841697e+000
 -9.6579731e+001
  3.8721910e+001
 -1.0428231e+001
 -8.3956805e+001
  6.4814149e+001
 -3.1650442e+001
  3.6812823e+001
 -3.3558802e+001
 -1.3102895e+001
 -9.6839056e+000
 -9.8579360e+001
  4.1411267e+001
 -1.4727653e+001
 -8.3137790e+001
  6.5628112e+001
 -2.9513098e+001
  3.9620693e+001
 -3.0949303e+001
 -9.4365686e+000
 -1.4683641e+001
 -9.3738451e+001
  4.4100625e+001
 -1.9027075e+001
 -8.2318775e+001
  6.6442075e+001
 -2.7375753e+001
  4.2428563e+001
 -2.8339803e+001
 -5.7702423e+000
 -1.9683377e+001
 -8.8897541e+001
  4.6789983e+001
 -2.3326497e+001
 -8.1499761e+001
  6.7256038e+001
 -2.5238409e+001
  4.5236433e+001
 -2.5730304e+001
 -2.1039161e+000
 -2.4683113e+001
 -8.4056632e+001
  4.9479340e+001
 -2.7625919e+001
 -8.0680746e+001
  6.8070001e+001
 -2.3101064e+001
  4.8044303e+001
 -2.3120805e+001
  1.5624102e+000
 -2.9682849e+001
 -7.9215723e+001
  5.2168698e+001
 -3.1925341e+001
 -7.9861731e+001
  6.8883964e+001
 -2.0963720e+001
  5.0852173e+001
 -2.0511306e+001
  5.2287365e+000
 -3.4682585e+001
 -7.4374814e+001
  5.4858055e+001
 -3.6224764e+001
 -7.9042717e+001
  6.9697928e+001
 -1.8826375e+001
  5.3660042e+001
 -1.7901807e+001
  8.8950627e+000
 -3.9682321e+001
 -6.9533905e+001
  5.7547413e+001
 -4.0524186e+001
 -7.8223702e+001
  7.0511891e+001
 -1.6689031e+001
  5.6467912e+001
 -1.5292307e+001
  1.2561389e+001
 -4.4682057e+001
 -6.4692996e+001
  6.0236771e+001
 -4.4823608e+001
 -7.7404687e+001
  7.1325854e+001
 -1.4551686e+001
  5.9275782e+001
 -1.2682808e+001
  1.6227715e+001
 -4.9681792e+001
 -5.9852087e+001
  6.2926128e+001
 -4.9123030e+001
 -7.6585673e+001
  7.2139817e+001
 -1.2414342e+001
  6.2083652e+001
 -1.0073309e+001
  1.9894041e+001
 -5.4681528e+001
 -5.5011178e+001
  6.5615486e+001
 -5.3422452e+001
 -7.5766658e+001
  7.2953780e+001
 -1.0276998e+001
  6.4891522e+001
 -7.4638098e+000
  2.3560368e+001
 -5.9681264e+001
 -5.0170268e+001
  6.8304844e+001
 -5.7721874e+001
 -7.4947643e+001
  7.3767743e+001
 -8.1396531e+000
  6.7699392e+001
 -4.8543106e+000
  2.7226694e+001
 -6.4681000e+001
 -4.5329359e+001
  7.0994201e+001
 -6.2021297e+001
 -7.4128628e+001
  7.4581707e+001
 -6.0023087e+000
  7.0507262e+001
 -2.2448114e+000
  3.0893020e+001
 -6.9680736e+001
 -4.0488450e+001
  7.3683559e+001
 -6.6320719e+001
 -7.3309614e+001
  7.5395670e+001
 -3.8649642e+000
  7.3315132e+001
  3.6468774e-001
  3.4559346e+001
 -7.4680472e+001
 -3.5647541e+001
  7.6372916e+001
 -7.0620141e+001
 -7.2490599e+001
  7.6209633e+001
 -1.7276198e+000
  7.6123001e+001
  2.9741869e+000
  3.8225673e+001
 -7.9680208e+001
 -3.0806632e+001
  7.9062274e+001
 -7.4919563e+001
 -7.1671584e+001
  7.7023596e+001
  4.0972463e-001
  7.8930871e+001
  5.5836861e+000
  4.1891999e+001
 -8.4679943e+001
 -2.5965723e+001
  8.1751632e+001
 -7.9218985e+001
 -7.0852570e+001
  7.7837559e+001
  2.5470691e+000
  8.1738741e+001
  8.1931853e+000
  4.5558325e+001
 -8.9679679e+001
 -2.1124814e+001
  8.4440989e+001
 -8.3518407e+001
 -7.0033555e+001
  7.8651522e+001
  4.6844135e+000
  8.4546611e+001
  1.0802684e+001
  4.9224652e+001
 -9.4679415e+001
 -1.6283904e+001
  8.7130347e+001
 -8.7817830e+001
 -6.9214540e+001
  7.9465485e+001
  6.8217580e+000
  8.7354481e+001
  1.3412184e+001
  5.2890978e+001
 -9.9679151e+001
 -1.1442995e+001
  8.9819705e+001
 -9.2117252e+001
 -6.8395526e+001
  8.0279449e+001
  8.9591024e+000
  9.0162351e+001
  1.6021683e+001
  5.6557304e+001
 -9.5321113e+001
 -6.6020862e+000
  9.2509062e+001
 -9.6416674e+001
 -6.7576511e+001
  8.1093412e+001
  1.1096447e+001
  9.2970221e+001
  1.8631182e+001
  6.0223630e+001
 -9.0321377e+001
 -1.7611771e+000
  9.5198420e+001
 -9.9283904e+001
 -6.6757496e+001
  8.1907375e+001
  1.3233791e+001
  9.5778090e+001
  2.1240681e+001
  6.3889957e+001
 -8.5321641e+001
  3.0797320e+000
  9.7887777e+001
 -9.4984482e+001
 -6.5938482e+001
  8.2721338e+001
  1.5371136e+001
  9.8585960e+001
  2.3850180e+001
  6.7556283e+001
 -8.0321905e+001
  7.9206412e+000
  9.9422865e+001
 -9.0685060e+001
 -6.5119467e+001
  8.3535301e+001
  1.7508480e+001
  9.8606170e+001
  2.6459680e+001
  7.1222609e+001
 -7.5322170e+001
  1.2761550e+001
  9.6733507e+001
 -8.6385637e+001
 -6.4300452e+001
  8.4349264e+001
  1.9645825e+001
  9.5798300e+001
  2.9069179e+001
  7.4888935e+001
 -7.0322434e+001
  1.7602459e+001
  9.4044150e+001
 -8.2086215e+001
 -6.3481437e+001
  8.5163227e+001
  2.1783169e+001
  9.2990430e+001
  3.1678678e+001
  7.8555262e+001
 -6.5322698e+001
  2.2443369e+001
  9.1354792e+001
 -7.7786793e+001
 -6.2662423e+001
  8.5977191e+001
  2.3920513e+001
  9.0182560e+001
  3.4288177e+001
  8.2221588e+001
 -6.0322962e+001
  2.7284278e+001
  8.8665434e+001
 -7.3487371e+001
 -6.1843408e+001
  8.6791154e+001
  2.6057858e+001
  8.7374690e+001
  3.6897676e+001
  8.5887914e+001
 -5.5323226e+001
  3.2125187e+001
  8.5976077e+001
 -6.9187949e+001
 -6.1024393e+001
  8.7605117e+001
  2.8195202e+001
  8.4566820e+001
  3.9507176e+001
  8.9554240e+001
 -5.0323490e+001
  3.6966096e+001
  8.3286719e+001
 -6.4888526e+001
 -6.0205379e+001
  8.8419080e+001
  3.0332547e+001
  8.1758951e+001
  4.2116675e+001
  9.3220567e+001
 -4.5323754e+001
  4.1807005e+001
  8.0597362e+001
 -6.0589104e+001
 -5.9386364e+001
  8.9233043e+001
  3.2469891e+001
  7.8951081e+001
  4.4726174e+001
  9.6886893e+001
 -4.0324019e+001
  4.6647914e+001
  7.7908004e+001
 -5.6289682e+001
 -5.8567349e+001
  9.0047006e+001
  3.4607236e+001
  7.6143211e+001
  4.7335673e+001
  9.9446781e+001
 -3.5324283e+001
  5.1488823e+001
  7.5218646e+001
 -5.1990260e+001
 -5.7748335e+001
  9.0860969e+001
  3.6744580e+001
  7.3335341e+001
  4.9945172e+001
  9.5780455e+001
 -3.0324547e+001
  5.6329732e+001
  7.2529289e+001
 -4.7690838e+001
 -5.6929320e+001
  9.1674933e+001
  3.8881925e+001
  7.0527471e+001
  5.2554671e+001
  9.2114128e+001
 -2.5324811e+001
  6.1170642e+001
  6.9839931e+001
 -4.3391416e+001
 -5.6110305e+001
  9.2488896e+001
  4.1019269e+001
  6.7719601e+001
  5.5164171e+001
  8.8447802e+001
 -2.0325075e+001
  6.6011551e+001
  6.7150573e+001
 -3.9091993e+001
 -5.5291291e+001
  9.3302859e+001
  4.3156613e+001
  6.4911731e+001
  5.7773670e+001
  8.4781476e+001
 -1.5325339e+001
  7.0852460e+001
  6.4461216e+001
 -3.4792571e+001
 -5.4472276e+001
  9.4116822e+001
  4.5293958e+001
  6.2103861e+001
  6.0383169e+001
  8.1115150e+001
 -1.0325603e+001
  7.5693369e+001
  6.1771858e+001
 -3.0493149e+001
 -5.3653261e+001
  9.4930785e+001
  4.7431302e+001
  5.9295992e+001
  6.2992668e+001
  7.7448823e+001
 -5.3258676e+000
  8.0534278e+001
  5.9082500e+001
 -2.6193727e+001
 -5.2834246e+001
  9.5744748e+001
  4.9568647e+001
  5.6488122e+001
  6.5602167e+001
  7.3782497e+001
 -3.2613175e-001
  8.5375187e+001
  5.6393143e+001
 -2.1894305e+001
 -5.2015232e+001
  9.6558711e+001
  5.1705991e+001
  5.3680252e+001
  6.8211667e+001
  7.0116171e+001
  4.6736041e+000
  9.0216096e+001
  5.3703785e+001
 -1.7594883e+001
 -5.1196217e+001
  9.7372675e+001
  5.3843336e+001
  5.0872382e+001
  7.0821166e+001
  6.6449845e+001
  9.6733400e+000
  9.5057006e+001
  5.1014428e+001
 -1.3295460e+001
 -5.0377202e+001
  9.8186638e+001
  5.5980680e+001
  4.8064512e+001
  7.3430665e+001
  6.2783518e+001
  1.4673076e+001
  9.9897915e+001
  4.8325070e+001
 -8.9960383e+000
 -4.9558188e+001
  9.9000601e+001
  5.8118025e+001
  4.5256642e+001
  7.6040164e+001
  5.9117192e+001
  1.9672812e+001
  9.5261176e+001
  4.5635712e+001
 -4.6966161e+000
 -4.8739173e+001
  9.9814564e+001
  6.0255369e+001
  4.2448772e+001
  7.8649663e+001
  5.5450866e+001
  2.4672548e+001
  9.0420267e+001
  4.2946355e+001
 -3.9719392e-001
 -4.7920158e+001
  9.9371473e+001
  6.2392713e+001
  3.9640902e+001
  8.1259163e+001
  5.1784540e+001
  2.9672283e+001
  8.5579358e+001
  4.0256997e+001
  3.9022283e+000
 -4.7101144e+001
  9.8557510e+001
  6.4530058e+001
  3.6833033e+001
  8.3868662e+001
  4.8118213e+001
  3.4672019e+001
  8.0738449e+001
  3.7567639e+001
  8.2016504e+000
 -4.6282129e+001
  9.7743547e+001
  6.6667402e+001
  3.4025163e+001
  8.6478161e+001
  4.4451887e+001
  3.9671755e+001
  7.5897540e+001
  3.4878282e+001
  1.2501073e+001
 -4.5463114e+001
  9.6929583e+001
  6.8804747e+001
  3.1217293e+001
  8.9087660e+001
  4.0785561e+001
  4.4671491e+001
  7.1056631e+001
  3.2188924e+001
  1.6800495e+001
 -4.4644100e+001
  9.6115620e+001
  7.0942091e+001
  2.8409423e+001
  9.1697159e+001
  3.7119235e+001
  4.9671227e+001
  6.6215721e+001
  2.9499567e+001
  2.1099917e+001
 -4.3825085e+001
  9.5301657e+001
  7.3079436e+001
  2.5601553e+001
  9.4306658e+001
  3.3452908e+001
  5.4670963e+001
  6.1374812e+001
  2.6810209e+001
  2.5399339e+001
 -4.3006070e+001
  9.4487694e+001
  7.5216780e+001
  2.2793683e+001
  9.6916158e+001
  2.9786582e+001
  5.9670699e+001
  5.6533903e+001
  2.4120851e+001
  2.9698761e+001
 -4.2187055e+001
  9.3673731e+001
  7.7354124e+001
  1.9985813e+001
  9.9525657e+001
  2.6120256e+001
  6.4670434e+001
  5.1692994e+001
  2.1431494e+001
  3.3998183e+001
 -4.1368041e+001
  9.2859768e+001
  7.9491469e+001
  1.7177944e+001
  9.7864844e+001
  2.2453930e+001
  6.9670170e+001
  4.6852085e+001
  1.8742136e+001
  3.8297606e+001
 -4.0549026e+001
  9.2045805e+001
  8.1628813e+001
  1.4370074e+001
  9.5255345e+001
  1.8787603e+001
  7.4669906e+001
  4.2011176e+001
  1.6052778e+001
  4.2597028e+001
 -3.9730011e+001
  9.1231841e+001
  8.3766158e+001
  1.1562204e+001
  9.2645846e+001
  1.5121277e+001
  7.9669642e+001
  3.7170267e+001
  1.3363421e+001
  4.6896450e+001
 -3.8910997e+001
  9.0417878e+001
  8.5903502e+001
  8.7543339e+000
  9.0036346e+001
  1.1454951e+001
  8.4669378e+001
  3.2329357e+001
  1.0674063e+001
  5.1195872e+001
 -3.8091982e+001
  8.9603915e+001
  8.8040847e+001
  5.9464641e+000
  8.7426847e+001
  7.7886245e+000
  8.9669114e+001
  2.7488448e+001
  7.9847055e+000
  5.5495294e+001
 -3.7272967e+001
  8.8789952e+001
  9.0178191e+001
  3.1385942e+000
  8.4817348e+001
  4.1222982e+000
  9.4668850e+001
  2.2647539e+001
  5.2953479e+000
  5.9794716e+001
 -3.6453953e+001
  8.7975989e+001
  9.2315536e+001
  3.3072431e-001
  8.2207849e+001
  4.5597199e-001
  9.9668585e+001
  1.7806630e+001
  2.6059903e+000
  6.4094139e+001
 -3.5634938e+001
  8.7162026e+001
  9.4452880e+001
 -2.4771456e+000
  7.9598350e+001
 -3.2103543e+000
  9.5331679e+001
  1.2965721e+001
 -8.3367371e-002
  6.8393561e+001
 -3.4815923e+001
  8.6348063e+001
  9.6590224e+001
 -5.2850154e+000
  7.6988850e+001
 -6.8766805e+000
  9.0331943e+001
  8.1248118e+000
 -2.7727250e+000
  7.2692983e+001
 -3.3996909e+001
  8.5534099e+001
  9.8727569e+001
 -8.0928853e+000
  7.4379351e+001
 -1.0543007e+001
  8.5332207e+001
  3.2839027e+000
 -5.4620826e+000
  7.6992405e+001
 -3.3177894e+001
  8.4720136e+001
  9.9135087e+001
 -1.0900755e+001
  7.1769852e+001
 -1.4209333e+001
  8.0332471e+001
 -1.5570065e+000
 -8.1514403e+000
  8.1291827e+001
 -3.2358879e+001
  8.3906173e+001
  9.6997742e+001
 -1.3708625e+001
  6.9160353e+001
 -1.7875659e+001
  7.5332735e+001
 -6.3979156e+000
 -1.0840798e+001
  8.5591250e+001
 -3.1539864e+001
  8.3092210e+001
  9.4860398e+001
 -1.6516495e+001
  6.6550854e+001
 -2.1541986e+001
  7.0332999e+001
 -1.1238825e+001
 -1.3530156e+001
  8.9890672e+001
 -3.0720850e+001
  8.2278247e+001
  9.2723053e+001
 -1.9324365e+001
  6.3941355e+001
 -2.5208312e+001
  6.5333264e+001
 -1.6079734e+001
 -1.6219513e+001
  9.4190094e+001
 -2.9901835e+001
  8.1464284e+001
  9.0585709e+001
 -2.2132235e+001
  6.1331855e+001
 -2.8874638e+001
  6.0333528e+001
 -2.0920643e+001
 -1.8908871e+001
  9.8489516e+001
 -2.9082820e+001
  8.0650321e+001
  8.8448364e+001
 -2.4940105e+001
  5.8722356e+001
 -3.2540964e+001
  5.5333792e+001
 -2.5761552e+001
 -2.1598228e+001
  9.7211062e+001
 -2.8263806e+001
  7.9836357e+001
  8.6311020e+001
 -2.7747974e+001
  5.6112857e+001
 -3.6207291e+001
  5.0334056e+001
 -3.0602461e+001
 -2.4287586e+001
  9.2911640e+001
 -2.7444791e+001
  7.9022394e+001
  8.4173676e+001
 -3.0555844e+001
  5.3503358e+001
 -3.9873617e+001
  4.5334320e+001
 -3.5443370e+001
 -2.6976944e+001
  8.8612217e+001
 -2.6625776e+001
  1.0000000e+005
  1.0000000e+005
  1.0000000e+005
  1.0000000e+005
  1.0000000e+005
  1.0000000e+005
  1.0000000e+005
  1.0000000e+005
  1.0000000e+005
  1.0000000e+005
