 -1.2251128e+001
 -2.3688309e+001
  5.3103358e+001
  5.9039980e+001
 -6.2625479e+001
 -2.0471208e+000
 -1.0882760e+001
  2.9262602e+001
  4.1872966e+001
  5.0937336e+001
 -1.7184430e+001
 -1.9168158e+001
  5.7240490e+001
  5.4774946e+001
 -6.6025193e+001
 -2.0985148e+000
 -9.6315210e+000
  2.5047468e+001
  4.4425410e+001
  4.6004871e+001
 -2.2117731e+001
 -1.4648008e+001
  6.1377623e+001
  5.0509912e+001
 -6.9424906e+001
 -2.1499087e+000
 -8.3802821e+000
  2.0832334e+001
  4.6977854e+001
  4.1072406e+001
 -2.7051033e+001
 -1.0127858e+001
  6.5514756e+001
  4.6244879e+001
 -7.2824620e+001
 -2.2013026e+000
 -7.1290432e+000
  1.6617200e+001
  4.9530297e+001
  3.6139940e+001
 -3.1984334e+001
 -5.6077074e+000
  6.9651888e+001
  4.1979845e+001
 -7.6224333e+001
 -2.2526965e+000
 -5.8778043e+000
  1.2402066e+001
  5.2082741e+001
  3.1207475e+001
 -3.6917636e+001
 -1.0875571e+000
  7.3789021e+001
  3.7714811e+001
 -7.9624047e+001
 -2.3040904e+000
 -4.6265654e+000
  8.1869315e+000
  5.4635185e+001
  2.6275009e+001
 -4.1850937e+001
  3.4325932e+000
  7.7926154e+001
  3.3449777e+001
 -8.3023760e+001
 -2.3554843e+000
 -3.3753265e+000
  3.9717974e+000
  5.7187629e+001
  2.1342544e+001
 -4.6784239e+001
  7.9527435e+000
  8.2063286e+001
  2.9184743e+001
 -8.6423473e+001
 -2.4068783e+000
 -2.1240876e+000
 -2.4333673e-001
  5.9740072e+001
  1.6410079e+001
 -5.1717540e+001
  1.2472894e+001
  8.6200419e+001
  2.4919709e+001
 -8.9823187e+001
 -2.4582722e+000
 -8.7284871e-001
 -4.4584708e+000
  6.2292516e+001
  1.1477613e+001
 -5.6650842e+001
  1.6993044e+001
  9.0337552e+001
  2.0654675e+001
 -9.3222900e+001
 -2.5096661e+000
  3.7839019e-001
 -8.6736049e+000
  6.4844960e+001
  6.5451478e+000
 -6.1584143e+001
  2.1513194e+001
  9.4474684e+001
  1.6389641e+001
 -9.6622614e+001
 -2.5610600e+000
  1.6296291e+000
 -1.2888739e+001
  6.7397403e+001
  1.6126824e+000
 -6.6517445e+001
  2.6033345e+001
  9.8611817e+001
  1.2124608e+001
 -9.9977673e+001
 -2.6124539e+000
  2.8808680e+000
 -1.7103873e+001
  6.9949847e+001
 -3.3197830e+000
 -7.1450746e+001
  3.0553495e+001
  9.7251050e+001
  7.8595737e+000
 -9.6577959e+001
 -2.6638479e+000
  4.1321069e+000
 -2.1319007e+001
  7.2502291e+001
 -8.2522484e+000
 -7.6384048e+001
  3.5073645e+001
  9.3113918e+001
  3.5945398e+000
 -9.3178246e+001
 -2.7152418e+000
  5.3833458e+000
 -2.5534141e+001
  7.5054735e+001
 -1.3184714e+001
 -8.1317350e+001
  3.9593796e+001
  8.8976785e+001
 -6.7049408e-001
 -8.9778532e+001
 -2.7666357e+000
  6.6345847e+000
 -2.9749275e+001
  7.7607178e+001
 -1.8117179e+001
 -8.6250651e+001
  4.4113946e+001
  8.4839652e+001
 -4.9355280e+000
 -8.6378819e+001
 -2.8180296e+000
  7.8858235e+000
 -3.3964410e+001
  8.0159622e+001
 -2.3049645e+001
 -9.1183953e+001
  4.8634096e+001
  8.0702520e+001
 -9.2005618e+000
 -8.2979105e+001
 -2.8694235e+000
  9.1370624e+000
 -3.8179544e+001
  8.2712066e+001
 -2.7982110e+001
 -9.6117254e+001
  5.3154247e+001
  7.6565387e+001
 -1.3465596e+001
 -7.9579392e+001
 -2.9208174e+000
  1.0388301e+001
 -4.2394678e+001
  8.5264510e+001
 -3.2914575e+001
 -9.8949444e+001
  5.7674397e+001
  7.2428254e+001
 -1.7730630e+001
 -7.6179678e+001
 -2.9722114e+000
  1.1639540e+001
 -4.6609812e+001
  8.7816953e+001
 -3.7847041e+001
 -9.4016143e+001
  6.2194547e+001
  6.8291121e+001
 -2.1995663e+001
 -7.2779965e+001
 -3.0236053e+000
  1.2890779e+001
 -5.0824946e+001
  9.0369397e+001
 -4.2779506e+001
 -8.9082841e+001
  6.6714697e+001
  6.4153989e+001
 -2.6260697e+001
 -6.9380251e+001
 -3.0749992e+000
  1.4142018e+001
 -5.5040080e+001
  9.2921841e+001
 -4.7711972e+001
 -8.4149540e+001
  7.1234848e+001
  6.0016856e+001
 -3.0525731e+001
 -6.5980538e+001
 -3.1263931e+000
  1.5393257e+001
 -5.9255214e+001
  9.5474285e+001
 -5.2644437e+001
 -7.9216238e+001
  7.5754998e+001
  5.5879723e+001
 -3.4790765e+001
 -6.2580824e+001
 -3.1777870e+000
  1.6644496e+001
 -6.3470348e+001
  9.8026728e+001
 -5.7576902e+001
 -7.4282937e+001
  8.0275148e+001
  5.1742591e+001
 -3.9055799e+001
 -5.9181111e+001
 -3.2291809e+000
  1.7895735e+001
 -6.7685482e+001
  9.9420828e+001
 -6.2509368e+001
 -6.9349635e+001
  8.4795299e+001
  4.7605458e+001
 -4.3320833e+001
 -5.5781397e+001
 -3.2805749e+000
  1.9146974e+001
 -7.1900617e+001
  9.6868384e+001
 -6.7441833e+001
 -6.4416334e+001
  8.9315449e+001
  4.3468325e+001
 -4.7585867e+001
 -5.2381684e+001
 -3.3319688e+000
  2.0398212e+001
 -7.6115751e+001
  9.4315941e+001
 -7.2374299e+001
 -5.9483032e+001
  9.3835599e+001
  3.9331193e+001
 -5.1850901e+001
 -4.8981970e+001
 -3.3833627e+000
  2.1649451e+001
 -8.0330885e+001
  9.1763497e+001
 -7.7306764e+001
 -5.4549731e+001
  9.8355750e+001
  3.5194060e+001
 -5.6115935e+001
 -4.5582257e+001
 -3.4347566e+000
  2.2900690e+001
 -8.4546019e+001
  8.9211053e+001
 -8.2239229e+001
 -4.9616429e+001
  9.7124100e+001
  3.1056927e+001
 -6.0380968e+001
 -4.2182543e+001
 -3.4861505e+000
  2.4151929e+001
 -8.8761153e+001
  8.6658609e+001
 -8.7171695e+001
 -4.4683128e+001
  9.2603950e+001
  2.6919795e+001
 -6.4646002e+001
 -3.8782830e+001
 -3.5375445e+000
  2.5403168e+001
 -9.2976287e+001
  8.4106166e+001
 -9.2104160e+001
 -3.9749826e+001
  8.8083800e+001
  2.2782662e+001
 -6.8911036e+001
 -3.5383116e+001
 -3.5889384e+000
  2.6654407e+001
 -9.7191421e+001
  8.1553722e+001
 -9.7036626e+001
 -3.4816524e+001
  8.3563649e+001
  1.8645529e+001
 -7.3176070e+001
 -3.1983403e+001
 -3.6403323e+000
  2.7905646e+001
 -9.8593445e+001
  7.9001278e+001
 -9.8030909e+001
 -2.9883223e+001
  7.9043499e+001
  1.4508397e+001
 -7.7441104e+001
 -2.8583689e+001
 -3.6917262e+000
  2.9156885e+001
 -9.4378311e+001
  7.6448834e+001
 -9.3098444e+001
 -2.4949921e+001
  7.4523349e+001
  1.0371264e+001
 -8.1706138e+001
 -2.5183976e+001
 -3.7431201e+000
  3.0408124e+001
 -9.0163176e+001
  7.3896391e+001
 -8.8165978e+001
 -2.0016620e+001
  7.0003198e+001
  6.2341313e+000
 -8.5971172e+001
 -2.1784262e+001
 -3.7945140e+000
  3.1659363e+001
 -8.5948042e+001
  7.1343947e+001
 -8.3233513e+001
 -1.5083318e+001
  6.5483048e+001
  2.0969987e+000
 -9.0236206e+001
 -1.8384549e+001
 -3.8459080e+000
  3.2910601e+001
 -8.1732908e+001
  6.8791503e+001
 -7.8301047e+001
 -1.0150017e+001
  6.0962898e+001
 -2.0401340e+000
 -9.4501239e+001
 -1.4984835e+001
 -3.8973019e+000
  3.4161840e+001
 -7.7517774e+001
  6.6239060e+001
 -7.3368582e+001
 -5.2167153e+000
  5.6442747e+001
 -6.1772667e+000
 -9.8766273e+001
 -1.1585122e+001
 -3.9486958e+000
  3.5413079e+001
 -7.3302640e+001
  6.3686616e+001
 -6.8436117e+001
 -2.8341374e-001
  5.1922597e+001
 -1.0314399e+001
 -9.6968693e+001
 -8.1854084e+000
 -4.0000897e+000
  3.6664318e+001
 -6.9087506e+001
  6.1134172e+001
 -6.3503651e+001
  4.6498878e+000
  4.7402447e+001
 -1.4451532e+001
 -9.2703659e+001
 -4.7856950e+000
 -4.0514836e+000
  3.7915557e+001
 -6.4872372e+001
  5.8581728e+001
 -5.8571186e+001
  9.5831893e+000
  4.2882297e+001
 -1.8588665e+001
 -8.8438625e+001
 -1.3859815e+000
 -4.1028776e+000
  3.9166796e+001
 -6.0657238e+001
  5.6029285e+001
 -5.3638720e+001
  1.4516491e+001
  3.8362146e+001
 -2.2725797e+001
 -8.4173591e+001
  2.0137320e+000
 -4.1542715e+000
  4.0418035e+001
 -5.6442104e+001
  5.3476841e+001
 -4.8706255e+001
  1.9449792e+001
  3.3841996e+001
 -2.6862930e+001
 -7.9908557e+001
  5.4134455e+000
 -4.2056654e+000
  4.1669274e+001
 -5.2226970e+001
  5.0924397e+001
 -4.3773790e+001
  2.4383094e+001
  2.9321846e+001
 -3.1000063e+001
 -7.5643523e+001
  8.8131590e+000
 -4.2570593e+000
  4.2920513e+001
 -4.8011835e+001
  4.8371953e+001
 -3.8841324e+001
  2.9316395e+001
  2.4801695e+001
 -3.5137195e+001
 -7.1378490e+001
  1.2212872e+001
 -4.3084532e+000
  4.4171751e+001
 -4.3796701e+001
  4.5819510e+001
 -3.3908859e+001
  3.4249697e+001
  2.0281545e+001
 -3.9274328e+001
 -6.7113456e+001
  1.5612586e+001
 -4.3598471e+000
  4.5422990e+001
 -3.9581567e+001
  4.3267066e+001
 -2.8976393e+001
  3.9182999e+001
  1.5761395e+001
 -4.3411461e+001
 -6.2848422e+001
  1.9012299e+001
 -4.4112411e+000
  4.6674229e+001
 -3.5366433e+001
  4.0714622e+001
 -2.4043928e+001
  4.4116300e+001
  1.1241244e+001
 -4.7548593e+001
 -5.8583388e+001
  2.2412013e+001
 -4.4626350e+000
  4.7925468e+001
 -3.1151299e+001
  3.8162179e+001
 -1.9111463e+001
  4.9049602e+001
  6.7210941e+000
 -5.1685726e+001
 -5.4318354e+001
  2.5811726e+001
 -4.5140289e+000
  4.9176707e+001
 -2.6936165e+001
  3.5609735e+001
 -1.4178997e+001
  5.3982903e+001
  2.2009438e+000
 -5.5822859e+001
 -5.0053320e+001
  2.9211440e+001
 -4.5654228e+000
  5.0427946e+001
 -2.2721031e+001
  3.3057291e+001
 -9.2465317e+000
  5.8916205e+001
 -2.3192065e+000
 -5.9959992e+001
 -4.5788286e+001
  3.2611153e+001
 -4.6168167e+000
  5.1679185e+001
 -1.8505897e+001
  3.0504847e+001
 -4.3140663e+000
  6.3849506e+001
 -6.8393568e+000
 -6.4097124e+001
 -4.1523252e+001
  3.6010867e+001
 -4.6682106e+000
  5.2930424e+001
 -1.4290763e+001
  2.7952404e+001
  6.1839907e-001
  6.8782808e+001
 -1.1359507e+001
 -6.8234257e+001
 -3.7258219e+001
  3.9410580e+001
 -4.7196046e+000
  5.4181663e+001
 -1.0075628e+001
  2.5399960e+001
  5.5508645e+000
  7.3716109e+001
 -1.5879657e+001
 -7.2371390e+001
 -3.2993185e+001
  4.2810294e+001
 -4.7709985e+000
  5.5432902e+001
 -5.8604943e+000
  2.2847516e+001
  1.0483330e+001
  7.8649411e+001
 -2.0399808e+001
 -7.6508522e+001
 -2.8728151e+001
  4.6210007e+001
 -4.8223924e+000
  5.6684140e+001
 -1.6453602e+000
  2.0295072e+001
  1.5415795e+001
  8.3582712e+001
 -2.4919958e+001
 -8.0645655e+001
 -2.4463117e+001
  4.9609721e+001
 -4.8737863e+000
  5.7935379e+001
  2.5697739e+000
  1.7742629e+001
  2.0348261e+001
  8.8516014e+001
 -2.9440108e+001
 -8.4782788e+001
 -2.0198083e+001
  5.3009434e+001
 -4.9251802e+000
  5.9186618e+001
  6.7849080e+000
  1.5190185e+001
  2.5280726e+001
  9.3449315e+001
 -3.3960259e+001
 -8.8919920e+001
 -1.5933049e+001
  5.6409148e+001
 -4.9765742e+000
  6.0437857e+001
  1.1000042e+001
  1.2637741e+001
  3.0213191e+001
  9.8382617e+001
 -3.8480409e+001
 -9.3057053e+001
 -1.1668015e+001
  5.9808861e+001
 -5.0279681e+000
  6.1689096e+001
  1.5215176e+001
  1.0085297e+001
  3.5145657e+001
  9.6684082e+001
 -4.3000559e+001
 -9.7194186e+001
 -7.4029814e+000
  6.3208575e+001
 -5.0793620e+000
  6.2940335e+001
  1.9430310e+001
  7.5328538e+000
  4.0078122e+001
  9.1750780e+001
 -4.7520709e+001
 -9.8668682e+001
 -3.1379475e+000
  6.6608288e+001
 -5.1307559e+000
  6.4191574e+001
  2.3645444e+001
  4.9804100e+000
  4.5010588e+001
  8.6817479e+001
 -5.2040860e+001
 -9.4531549e+001
  1.1270864e+000
  7.0008002e+001
 -5.1821498e+000
  6.5442813e+001
  2.7860579e+001
  2.4279663e+000
  4.9943053e+001
  8.1884177e+001
 -5.6561010e+001
 -9.0394416e+001
  5.3921203e+000
  7.3407715e+001
 -5.2335437e+000
  6.6694052e+001
  3.2075713e+001
 -1.2447743e-001
  5.4875518e+001
  7.6950875e+001
 -6.1081160e+001
 -8.6257284e+001
  9.6571542e+000
  7.6807429e+001
 -5.2849377e+000
  6.7945290e+001
  3.6290847e+001
 -2.6769212e+000
  5.9807984e+001
  7.2017574e+001
 -6.5601311e+001
 -8.2120151e+001
  1.3922188e+001
  8.0207142e+001
 -5.3363316e+000
  6.9196529e+001
  4.0505981e+001
 -5.2293649e+000
  6.4740449e+001
  6.7084272e+001
 -7.0121461e+001
 -7.7983018e+001
  1.8187222e+001
  8.3606856e+001
 -5.3877255e+000
  7.0447768e+001
  4.4721115e+001
 -7.7818086e+000
  6.9672915e+001
  6.2150971e+001
 -7.4641611e+001
 -7.3845886e+001
  2.2452256e+001
  8.7006569e+001
 -5.4391194e+000
  7.1699007e+001
  4.8936249e+001
 -1.0334252e+001
  7.4605380e+001
  5.7217669e+001
 -7.9161762e+001
 -6.9708753e+001
  2.6717290e+001
  9.0406283e+001
 -5.4905133e+000
  7.2950246e+001
  5.3151383e+001
 -1.2886696e+001
  7.9537845e+001
  5.2284368e+001
 -8.3681912e+001
 -6.5571620e+001
  3.0982324e+001
  9.3805996e+001
 -5.5419072e+000
  7.4201485e+001
  5.7366517e+001
 -1.5439140e+001
  8.4470311e+001
  4.7351066e+001
 -8.8202062e+001
 -6.1434488e+001
  3.5247357e+001
  9.7205710e+001
 -5.5933012e+000
  7.5452724e+001
  6.1581651e+001
 -1.7991584e+001
  8.9402776e+001
  4.2417765e+001
 -9.2722212e+001
 -5.7297355e+001
  3.9512391e+001
  9.9394577e+001
 -5.6446951e+000
  7.6703963e+001
  6.5796785e+001
 -2.0544027e+001
  9.4335242e+001
  3.7484463e+001
 -9.7242363e+001
 -5.3160222e+001
  4.3777425e+001
  9.5994863e+001
 -5.6960890e+000
  7.7955202e+001
  7.0011920e+001
 -2.3096471e+001
  9.9267707e+001
  3.2551162e+001
 -9.8237487e+001
 -4.9023090e+001
  4.8042459e+001
  9.2595150e+001
 -5.7474829e+000
  7.9206440e+001
  7.4227054e+001
 -2.5648915e+001
  9.5799828e+001
  2.7617860e+001
 -9.3717337e+001
 -4.4885957e+001
  5.2307493e+001
  8.9195436e+001
 -5.7988768e+000
  8.0457679e+001
  7.8442188e+001
 -2.8201358e+001
  9.0867362e+001
  2.2684559e+001
 -8.9197186e+001
 -4.0748824e+001
  5.6572527e+001
  8.5795723e+001
 -5.8502708e+000
  8.1708918e+001
  8.2657322e+001
 -3.0753802e+001
  8.5934897e+001
  1.7751257e+001
 -8.4677036e+001
 -3.6611692e+001
  6.0837561e+001
  8.2396009e+001
 -5.9016647e+000
  8.2960157e+001
  8.6872456e+001
 -3.3306246e+001
  8.1002431e+001
  1.2817956e+001
 -8.0156886e+001
 -3.2474559e+001
  6.5102595e+001
  7.8996296e+001
 -5.9530586e+000
  8.4211396e+001
  9.1087590e+001
 -3.5858690e+001
  7.6069966e+001
  7.8846540e+000
 -7.5636735e+001
 -2.8337426e+001
  6.9367628e+001
  7.5596582e+001
 -6.0044525e+000
  8.5462635e+001
  9.5302724e+001
 -3.8411133e+001
  7.1137500e+001
  2.9513525e+000
 -7.1116585e+001
 -2.4200294e+001
  7.3632662e+001
  7.2196869e+001
 -6.0558464e+000
  8.6713874e+001
  9.9517858e+001
 -4.0963577e+001
  6.6205035e+001
 -1.9819491e+000
 -6.6596435e+001
 -2.0063161e+001
  7.7897696e+001
  6.8797156e+001
 -6.1072403e+000
  8.7965113e+001
  9.6267008e+001
 -4.3516021e+001
  6.1272570e+001
 -6.9152506e+000
 -6.2076284e+001
 -1.5926028e+001
  8.2162730e+001
  6.5397442e+001
 -6.1586343e+000
  8.9216352e+001
  9.2051873e+001
 -4.6068465e+001
  5.6340104e+001
 -1.1848552e+001
 -5.7556134e+001
 -1.1788895e+001
  8.6427764e+001
  6.1997729e+001
 -6.2100282e+000
  9.0467591e+001
  8.7836739e+001
 -4.8620908e+001
  5.1407639e+001
 -1.6781854e+001
 -5.3035984e+001
 -7.6517628e+000
  9.0692798e+001
  5.8598015e+001
 -6.2614221e+000
  9.1718829e+001
  8.3621605e+001
 -5.1173352e+001
  4.6475173e+001
 -2.1715155e+001
 -4.8515834e+001
 -3.5146301e+000
  9.4957832e+001
  5.5198302e+001
 -6.3128160e+000
  9.2970068e+001
  7.9406471e+001
 -5.3725796e+001
  4.1542708e+001
 -2.6648457e+001
 -4.3995683e+001
  6.2250255e-001
  9.9222866e+001
  5.1798588e+001
 -6.3642099e+000
  9.4221307e+001
  7.5191337e+001
 -5.6278239e+001
  3.6610243e+001
 -3.1581758e+001
 -3.9475533e+001
  4.7596352e+000
  9.6512100e+001
  4.8398875e+001
 -6.4156038e+000
  9.5472546e+001
  7.0976203e+001
 -5.8830683e+001
  3.1677777e+001
 -3.6515060e+001
 -3.4955383e+001
  8.8967679e+000
  9.2247067e+001
  4.4999161e+001
 -6.4669978e+000
  9.6723785e+001
  6.6761069e+001
 -6.1383127e+001
  2.6745312e+001
 -4.1448361e+001
 -3.0435232e+001
  1.3033901e+001
  8.7982033e+001
  4.1599448e+001
 -6.5183917e+000
  9.7975024e+001
  6.2545935e+001
 -6.3935571e+001
  2.1812846e+001
 -4.6381663e+001
 -2.5915082e+001
  1.7171033e+001
  8.3716999e+001
  3.8199734e+001
 -6.5697856e+000
  9.9226263e+001
  5.8330801e+001
 -6.6488014e+001
  1.6880381e+001
 -5.1314964e+001
 -2.1394932e+001
  2.1308166e+001
  7.9451965e+001
  3.4800021e+001
 -6.6211795e+000
  9.9522498e+001
  5.4115666e+001
 -6.9040458e+001
  1.1947916e+001
 -5.6248266e+001
 -1.6874781e+001
  2.5445299e+001
  7.5186931e+001
  3.1400307e+001
 -6.6725734e+000
  9.8271259e+001
  4.9900532e+001
 -7.1592902e+001
  7.0154503e+000
 -6.1181567e+001
 -1.2354631e+001
  2.9582431e+001
  7.0921897e+001
  2.8000594e+001
 -6.7239674e+000
  9.7020021e+001
  4.5685398e+001
 -7.4145346e+001
  2.0829849e+000
 -6.6114869e+001
 -7.8344809e+000
  3.3719564e+001
  6.6656863e+001
  2.4600880e+001
 -6.7753613e+000
  9.5768782e+001
  4.1470264e+001
 -7.6697789e+001
 -2.8494805e+000
 -7.1048170e+001
 -3.3143306e+000
  3.7856697e+001
  6.2391829e+001
  2.1201167e+001
 -6.8267552e+000
  9.4517543e+001
  3.7255130e+001
 -7.9250233e+001
 -7.7819459e+000
 -7.5981472e+001
  1.2058197e+000
  4.1993829e+001
  5.8126796e+001
  1.7801453e+001
 -6.8781491e+000
  9.3266304e+001
  3.3039996e+001
 -8.1802677e+001
 -1.2714411e+001
 -8.0914774e+001
  5.7259700e+000
  4.6130962e+001
  5.3861762e+001
  1.4401740e+001
 -6.9295430e+000
  9.2015065e+001
  2.8824862e+001
 -8.4355121e+001
 -1.7646877e+001
 -8.5848075e+001
  1.0246120e+001
  5.0268095e+001
  4.9596728e+001
  1.1002026e+001
 -6.9809369e+000
  9.0763826e+001
  2.4609728e+001
 -8.6907564e+001
 -2.2579342e+001
 -9.0781377e+001
  1.4766271e+001
  5.4405227e+001
  4.5331694e+001
  7.6023128e+000
 -7.0323309e+000
  8.9512587e+001
  2.0394594e+001
 -8.9460008e+001
 -2.7511808e+001
 -9.5714678e+001
  1.9286421e+001
  5.8542360e+001
  4.1066660e+001
  4.2025993e+000
 -7.0837248e+000
  8.8261348e+001
  1.6179460e+001
 -9.2012452e+001
 -3.2444273e+001
  1.0000000e+005
  1.0000000e+005
  1.0000000e+005
  1.0000000e+005
  1.0000000e+005
  1.0000000e+005
  1.0000000e+005
  1.0000000e+005
  1.0000000e+005
  1.0000000e+005
